Mesure47
temps(s);entree;sortie
0.0;1.0;-0.6049280927533587
6.04394578647e-05;0.9996829223075361;-0.6031846001196361
0.000120878915729;0.9987318903066703;-0.6010585947236422
0.000181318373594;0.9971475070994674;-0.598551424783147
0.000241757831459;0.99493077743107;-0.5956646802334694
0.000302197289323;0.992083107052534;-0.5924001917192103
0.000362636747188;0.9886063018293647;-0.5887600294333402
0.000423076205053;0.9845025665963167;-0.5847465018043746
0.000483515662917;0.9797745037591863;-0.5803621540324719
0.000543955120782;0.9744251116444819;-0.5756097664753814
0.000604394578647;0.9684577825980192;-0.5704923528852632
0.000664834036511;0.9618763008336466;-0.5650131584975029
0.000725273494376;0.9546848400334659;-0.5591756579727261
0.00078571295224;0.946887960701069;-0.5529835531933252
0.000846152410105;0.93849060726947;-0.5464407709158904
0.00090659186797;0.9294981049655667;-0.539551460281035
0.000967031325834;0.9199161564331194;-0.5323199901821968
0.0010274707837;0.9097508381163878;-0.5247509464950796
0.00108791024156;0.899008596406722;-0.5168491291694967
0.00114834969943;0.8876962435545485;-0.5086195491854555
0.00120878915729;0.8758209533493445;-0.5000674253754188
0.00126922861516;0.8633902565703414;-0.49119818111475333
0.00132966807302;0.8504120362108398;-0.48201744088246706
0.00139010753089;0.8368945224791677;-0.47253102669441616
0.00145054698875;0.8228462875794489;-0.4627449544112413
0.00151098644662;0.8082762402754935;-0.4526654299233785
0.00157142590448;0.7931936202412581;-0.44229884521555896
0.00163186536235;0.7776079922014563;-0.43165177431329854
0.00169230482021;0.761529239866037;-0.4207309691139438
0.00175274427807;0.7449675596623766;-0.4095433551049196
0.00181318373594;0.7279334542691596;-0.398096026971894
0.0018736231938;0.7104377259560488;-0.3863962440996457
0.00193406265167;0.692491469733367;-0.3744514259684859
0.00199450210953;0.6741060663161371;-0.36226914744915406
0.0020549415674;0.6552931749069401;-0.34985713399917406
0.00211538102526;0.6360647258021697;-0.33722325676371334
0.00217582048313;0.6164329128263689;-0.32437552758405275
0.00223625994099;0.5964101855994526;-0.31132209391683613
0.00229669939886;0.5760092416417124;-0.2980712336673148
0.00235713885672;0.5552430183216172;-0.2846313499398716
0.00241757831459;0.5341246846515094;-0.2710109657091444
0.00247801777245;0.512667632936407;-0.25721871841513827
0.00253845723032;0.4908854702811999;-0.24326335448574518
0.00259889668818;0.468792009961631;-0.2291537237901492
0.00265933614604;0.44640126266453356;-0.2148987740266353
0.00271977560391;0.42372742760287924;-0.20050754504835824
0.00278021506177;0.40078488351126845;-0.18598916313066985
0.00284065451964;0.37758817952758156;-0.17135283518364403
0.0029010939775;0.3541520259665621;-0.15660784291346383
0.00296153343537;0.3304912849911928;-0.1417635369363781
0.00302197289323;0.3066209611877746;-0.12682933084895778
0.0030824123511;0.2825561920506874;-0.11181469525841278
0.00314285180896;0.2583122383828663;-0.09672915177675545
0.00320329126683;0.23390447461808242;-0.08158226698261965
0.00326373072469;0.20934837907116027;-0.06638364635456193
0.00332417018256;0.18465952412232445;-0.05114292817969744
0.00338460964042;0.15985356634188824;-0.03586977744152682
0.00344504909829;0.13494623656155638;-0.02057387969083549
0.00350548855615;0.10995332989863325;-0.005264934903549358
0.00356592801401;0.08489069573946416;0.010047348670557154
0.00362636747188;0.05977422768846139;0.02535326066440012
0.00368680692974;0.03461985348909052;0.040643094751467004
0.00374724638761;0.009443524923203678;0.055907154801137386
0.00380768584547;-0.01573879230486569;0.07113576102753448
0.00386812530334;-0.04091112869304266;0.08631925612801504
0.0039285647612;-0.06605752106865569;0.10144801140739916
0.00398900421907;-0.09116202271156759;0.1165124328840588
0.00404944367693;-0.11620871346687627;0.13150296737399408
0.0041098831348;-0.1411817098407648;0.14641010854903544
0.00417032259266;-0.16606517507310384;0.16122440296533214
0.00423076205053;-0.1908433291804215;0.1759364560583067
0.00429120150839;-0.21550045896286182;0.19053693810026678
0.00435164096626;-0.24002092796879662;0.205016590116903
0.00441208042412;-0.2643891864107644;0.21936622975891693
0.00447251988198;-0.2885897810264531;0.2335767571250579
0.00453295933985;-0.31260736487846846;0.2476391605328739
0.00459339879771;-0.3364267070866787;0.2615445222335193
0.00465383825558;-0.3600327024869557;0.2752840240669916
0.00471427771344;-0.38341038121020066;0.28884895305421726
0.00477471717131;-0.40654491817556393;0.3022307069224328
0.00483515662917;-0.42942164249185133;0.3154207995603631
0.00489559608704;-0.4520260467611475;0.32841086639973366
0.0049560355449;-0.4743437962787628;0.34119266971970824
0.00501647500277;-0.4963607381236604;0.35375810387088186
0.00507691446063;-0.5180629101336105;0.3660992004155242
0.0051373539185;-0.539436549759368;0.3782081331808051
0.00519779337636;-0.5604681027922681;0.3900772232218057
0.00525823283422;-0.5811442319597023;0.40169894369116255
0.00531867229209;-0.6014518253830202;0.41306592461225816
0.00537911174995;-0.621378004892496;0.4241709575529303
0.00543955120782;-0.6409101341940935;0.43500700019674016
0.00549999066568;-0.6600358268828372;0.4455671808088941
0.00556043012355;-0.6787429542977179;0.455844802593991
0.00562086958141;-0.6970196532131485;0.4658333479428314
0.00568130903928;-0.7148543333620937;0.47552648256559493
0.00574174849714;-0.732235684786098;0.48491805950876354
0.00580218795501;-0.749152685007559;0.49400212305324603
0.00586262741287;-0.7655946060196892;0.5027729124912284
0.00592306687074;-0.7815510210897404;0.5112248657793587
0.0059835063286;-0.7970118113711716;0.5193526230659459
0.00604394578647;-0.8119671723205705;0.5271510300899392
0.00610438524433;-0.8264076199152578;0.5346151414495309
0.00616482470219;-0.8403239966676301;0.5417402237383083
0.00622526416006;-0.8537074774324318;0.5485217585469702
0.00628570361792;-0.8665495750032665;0.5549554453286992
0.00634614307579;-0.8788421454948057;0.561037204126378
0.00640658253365;-0.8905773935072777;0.5667631781599151
0.00646702199152;-0.9017478770699624;0.5721297362720434
0.00652746144938;-0.9123465123605555;0.5771334752310373
0.00658790090725;-0.9223665781974151;0.5817712218888913
0.00664834036511;-0.9318017203018334;0.5860400351935884
0.00670877982298;-0.9406459553276372;0.5899372080541841
0.00676921928084;-0.9488936746555591;0.5934602690575229
0.00682965873871;-0.9565396479499744;0.5966069840354982
0.00689009819657;-0.9635790264757449;0.5993753574818617
0.00695053765444;-0.9700073461730725;0.601763633817685
0.0070109771123;-0.9758205304884047;0.603770298504669
0.00707141657016;-0.9810148929596045;0.6053940790055969
0.00713185602803;-0.9855871395537394;0.6066339455913199
0.00719229548589;-0.9895343707560108;0.607489111993766
0.00725273494376;-0.9928540834084959;0.6079590359045561
0.00731317440162;-0.9955441722975399;0.608043419318912
0.00737361385949;-0.9976029314887879;0.6077422087246367
0.00743405331735;-0.9990290554090123;0.6070555951360507
0.00749449277522;-0.9998216396740497;0.6059840139728586
0.00755493223308;-0.9999801816623203;0.6045281447840254
0.00761537169095;-0.9995045808335686;0.6026889108168368
0.00767581114881;-0.9983951387926212;0.6004674784314175
0.00773625060668;-0.9966525590981226;0.5978652563610768
0.00779669006454;-0.9942779468163697;0.5948838948189534
0.0078571295224;-0.9912728078205282;0.5915252844515236
0.00791756898027;-0.9876390478356748;0.5877915551396381
0.00797800843813;-0.9833789712302713;0.5836850746478455
0.008038447896;-0.9784952795548372;0.579208447122863
0.00809888735386;-0.972991069828747;0.5743645114421417
0.00815932681173;-0.9668698325762379;0.5691563394135779
0.00821976626959;-0.9601354496128762;0.5635872338275091
0.00828020572746;-0.9527921915838825;0.5576607263622321
0.00834064518532;-0.9448447152558788;0.5513805753443696
0.00840108464319;-0.9362980605637746;0.5447507633655078
0.00846152410105;-0.9271576474146666;0.5377754947566142
0.00852196355892;-0.9174292722507734;0.5304591929218386
0.00858240301678;-0.9071191043735918;0.5228064975333869
0.00864284247465;-0.8962336820316009;0.5148222615892493
0.00870328193251;-0.8847799082739954;0.5065115483356437
0.00876372139037;-0.8727650465730825;0.4978796280561332
0.00882416084824;-0.8601967162181081;0.48893197472944494
0.0088846003061;-0.847082887483447;0.47967426255811874
0.00894503976397;-0.8334318765742077;0.4701123623701797
0.00900547922183;-0.8192523403524686;0.4602523378961227
0.0090659186797;-0.8045532708474802;0.4501004419235632
0.00912635813756;-0.7893439895533222;0.43966311233199923
0.00918679759543;-0.7736341415176282;0.42894696801019566
0.00924723705329;-0.7574336892251273;0.41795880465878016
0.00930767651116;-0.7407529062798784;0.40670559048071236
0.00936811596902;-0.723602370890211;0.3951944617623608
0.00942855542689;-0.7059929591604972;0.3834327183479891
0.00948899488475;-0.6879358381940106;0.37142781901051947
0.00954943434262;-0.669442459011248;0.359187376721512
0.00960987380048;-0.6505245492882045;0.3467191538233588
0.00967031325834;-0.6311941059192013;0.3340310571067504
0.00973075271621;-0.6114633874089954;0.32113113279654504
0.00979119217407;-0.5913449060989778;0.30802756144920873
0.00985163163194;-0.5708514202324072;0.29472865276507276
0.0099120710898;-0.5499959258637032;0.28124284031869373
0.00997251054767;-0.5287916486169243;0.2675786762106542
0.0100329500055;-0.50725203529867;0.25374482564420375
0.0100933894634;-0.4853907453707148;0.239750061430173
0.0101538289213;-0.4632216422877893;0.22560325842365
0.0102142683791;-0.44075878470599184;0.21131338789594034
0.010274707837;-0.418016417567418;0.1968895118453886
0.0103351472949;-0.39500896306665634;0.18234077725066483
0.0103955867527;-0.3717510115048711;0.16767641027015556
0.0104560262106;-0.34825731203728777;0.15290571039114817
0.0105164656684;-0.3245427633199354;0.13803804453250992
0.0105769051263;-0.3006224040615835;0.123082841104606
0.0106373445842;-0.276511403486866;0.10804958403022333
0.010697784042;-0.2522250517166341;0.09294780673028923
0.0107582234999;-0.22777875007164244;0.07778708607819985
0.0108186629578;-0.2031880013057207;0.06257703632659616
0.0108791024156;-0.17846839977461817;0.047327303010433114
0.0109395418735;-0.15363562154675914;0.0320475568302119
0.0109999813314;-0.1287054144621786;0.01674748751925247
0.0110604207892;-0.1036935881459475;0.0014367976988987003
0.0111208602471;-0.078616003982412;-0.013874803274452337
0.011181299705;-0.053488565056609566;-0.02917760546659207
0.0112417391628;-0.02832720606924441;-0.04446190452310586
0.0113021786207;-0.003147883231610481;-0.059718007823442165
0.0113626180786;0.022033435853126785;-0.07493624062754062
0.0114230575364;0.04720078231586844;-0.09010695221111832
0.0114834969943;0.07233819614833167;-0.1052205219857319
0.0115439364521;0.09742973632417237;-0.12026736559972384
0.01160437591;0.1224594909080701;-0.13523794101618908
0.0116648153679;0.14741158714637292;-0.15012275456411237
0.0117252548257;0.17227020153288614;-0.1649123669588286
0.0117856942836;0.19701956984343552;-0.1795973992879972
0.0118461337415;0.22164399713283164;-0.19416853895928773
0.0119065731993;0.24612786768790904;-0.2086165456060137
0.0119670126572;0.27045565493031215;-0.222932256946959
0.0120274521151;0.2946119312627562;-0.2371065945966868
0.0120878915729;0.31858137785252594;-0.2511305698226492
0.0121483310308;0.3423487943459936;-0.264995289245439
0.0122087704887;0.3658991085080023;-0.27869196047857286
0.0122692099465;0.38921738578001036;-0.29221189770423306
0.0123296494044;0.4122888387509185;-0.3055465271814241
0.0123900888623;0.43509883653458703;-0.3186873926830571
0.0124505283201;0.4576329140480921;-0.33162616085851193
0.012510967778;0.47987678118483257;-0.344354626518275
0.0125714072358;0.5018163318766835;-0.356864717837307
0.0126318466937;0.5234376530394294;-0.36914850147383127
0.0126922861516;0.5447270333958263;-0.3811981876003078
0.0127527256094;0.5656709721706794;-0.393006134843393
0.0128131650673;0.586256187652433;-0.40456485512975743
0.0128736045252;0.6064696256158404;-0.41586701843468915
0.012934043983;0.6262984676003681;-0.4269054574304667
0.0129944834409;0.6457301390390944;-0.43767317203155914
0.0130549228988;0.6647523172329387;-0.44816333383376933
0.0131153623566;0.6833529391651665;-0.45836929044450153
0.0131758018145;0.7015202091512165;-0.46828456970141286
0.0132362412724;0.7192426063189974;-0.4779028837767693
0.0132966807302;0.7365088919149121;-0.48721813316490653
0.0133571201881;0.7533081164309712;-0.4962244105502624
0.013417559646;0.7696296265484862;-0.5049160045535355
0.0134779991038;0.7854630718939248;-0.5132874033535842
0.0135384385617;0.80079841160266;-0.5213332981827807
0.0135988780195;0.8156259206864356;-0.5290485866935924
0.0136593174774;0.8299361962005216;-0.5364283761942641
0.0137197569353;0.84372016320664;-0.5434679867515438
0.0137801963931;0.8569690805278887;-0.5501629541584891
0.013840635851;0.8696745462920044;-0.5565090327654673
0.0139010753089;0.8818285032594537;-0.5625021981725559
0.0139615147667;0.8934232439329782;-0.5681386497816395
0.0140219542246;0.9044514154453429;-0.5734148132065786
0.0140823936825;0.9149060242221976;-0.5783273425399253
0.0141428331403;0.9247804404170885;-0.5828731224747493
0.0142032725982;0.9340684021158129;-0.5870492702802261
0.0142637120561;0.9427640193074446;-0.5908531376297367
0.0143241515139;0.9508617776195164;-0.594282312280318
0.0143845909718;0.9583565418149884;-0.5973346196023993
0.0144450304297;0.9652435590487877;-0.6000081239588557
0.0145054698875;0.9715184618818493;-0.6023011299325034
0.0145659093454;0.9771772710507515;-0.604212183401256
0.0146263488032;0.9822163979911877;-0.6057400724602657
0.0146867882611;0.9866326471136733;-0.6068838281904582
0.014747227719;0.9904232178300462;-0.6076427252729779
0.0148076671768;0.9935857063294745;-0.6080162824491536
0.0148681066347;0.9961181071028467;-0.6080042628256903
0.0149285460926;0.9980188142145753;-0.6076066740248971
0.0149889855504;0.9992866223210104;-0.6068237681798526
0.0150494250083;0.9999207274348142;-0.6056560417745148
0.0151098644662;0.9999207274348142;-0.6041042353288716
0.015170303924;0.9992866223210104;-0.6021693329293367
0.0152307433819;0.9980188142145754;-0.5998525616046864
0.0152911828398;0.9961181071028467;-0.5971553905479314
0.0153516222976;0.9935857063294746;-0.594079530184622
0.0154120617555;0.9904232178300464;-0.5906269310881704
0.0154725012134;0.9866326471136735;-0.586799782742886
0.0155329406712;0.982216397991188;-0.5826005121555006
0.0155933801291;0.9771772710507516;-0.5780317823160699
0.0156538195869;0.9715184618818494;-0.5730964905092241
0.0157142590448;0.9652435590487878;-0.5677977664768384
0.0157746985027;0.9583565418149889;-0.5621389704332918
0.0158351379605;0.9508617776195165;-0.5561236909345667
0.0158955774184;0.9427640193074452;-0.5497557426025499
0.0159560168763;0.9340684021158133;-0.5430391637059663
0.0160164563341;0.9247804404170887;-0.5359782135994916
0.016076895792;0.9149060242221978;-0.5285773700226591
0.0161373352499;0.9044514154453431;-0.5208413262602755
0.0161977747077;0.8934232439329789;-0.5127749881661514
0.0162582141656;0.8818285032594539;-0.5043834710520249
0.0163186536235;0.8696745462920046;-0.4956720964436624
0.0163790930813;0.856969080527889;-0.4866463887061813
0.0164395325392;0.8437201632066398;-0.47731207154074656
0.0164999719971;0.829936196200522;-0.46767506435485373
0.0165604114549;0.8156259206864359;-0.45774147850850316
0.0166208509128;0.8007984116026609;-0.4475176134386522
0.0166812903706;0.7854630718939252;-0.43700995266438836
0.0167417298285;0.7696296265484865;-0.42622515967537566
0.0168021692864;0.7533081164309715;-0.4151700737061627
0.0168626087442;0.7365088919149131;-0.40385170539904885
0.0169230482021;0.7192426063189983;-0.3922772323582431
0.01698348766;0.7015202091512168;-0.3804539945981527
0.0170439271178;0.6833529391651676;-0.3683894898886714
0.0171043665757;0.6647523172329391;-0.3560913690004255
0.0171648060336;0.6457301390390947;-0.3435674308530021
0.0172252454914;0.6262984676003679;-0.3308256175692169
0.0172856849493;0.6064696256158415;-0.3178740094385791
0.0173461244072;0.5862561876524341;-0.3047208197931262
0.017406563865;0.5656709721706797;-0.2913743897989019
0.0174670033229;0.5447270333958274;-0.2778431831663575
0.0175274427807;0.5234376530394298;-0.2641357807830416
0.0175878822386;0.501816331876684;-0.2502608752719906
0.0176483216965;0.47987678118483296;-0.2362272654792485
0.0177087611543;0.4576329140480933;-0.22204385089403697
0.0177692006122;0.43509883653458825;-0.20771962600508986
0.0178296400701;0.41228883875091893;-0.19326367459675645
0.0178900795279;0.3892173857800108;-0.178685163988467
0.0179505189858;0.3658991085080028;-0.16399333922122758
0.0180109584437;0.342348794345994;-0.14919751719482868
0.0180713979015;0.3185813778525264;-0.1343070807594823
0.0181318373594;0.29461193126275753;-0.11933147276563942
0.0181922768173;0.27045565493031265;-0.10428019007574976
0.0182527162751;0.24612786768791037;-0.08916277754178278
0.018313155733;0.22164399713283212;-0.07398882195230203
0.0183735951909;0.19701956984343513;-0.05876794595295575
0.0184340346487;0.1722702015328875;-0.04350980194422332
0.0184944741066;0.14741158714637342;-0.028224065960289743
0.0185549135644;0.12245949090807146;-0.012920431532943968
0.0186153530223;0.09742973632417286;0.0023913964556350966
0.0186757924802;0.07233819614833305;0.017701707927273783
0.018736231938;0.04720078231586893;0.033000793765508504
0.0187966713959;0.022033435853126386;0.048278951972669945
0.0188571108538;-0.0031478832316091027;0.06352649382245815
0.0189175503116;-0.02832720606924392;0.07873375000410433
0.0189779897695;-0.05348856505660819;0.09389107675420878
0.0190384292274;-0.07861600398241152;0.10898886197239394
0.0190988686852;-0.103693588145947;0.12401753131686159
0.0191593081431;-0.12870541446217812;0.13896755427601973
0.019219747601;-0.15363562154675692;0.15382945021230243
0.0192801870588;-0.17846839977461684;0.16859379437437352
0.0193406265167;-0.2031880013057202;0.18325122387387668
0.0194010659746;-0.2277787500716411;0.19779244362296458
0.0194615054324;-0.2522250517166336;0.21220823222883198
0.0195219448903;-0.27651140348686465;0.22648944784150438
0.0195823843481;-0.3006224040615822;0.24062703395119975
0.019642823806;-0.3245427633199341;0.25461202513155573
0.0197032632639;-0.34825731203728727;0.26843555272510716
0.0197637027217;-0.3717510115048715;0.28208885046739185
0.0198241421796;-0.39500896306665584;0.29556326004612354
0.0198845816375;-0.41801641756741836;0.3088502365919111
0.0199450210953;-0.44075878470599056;0.32194135409702673
0.0200054605532;-0.46322164228778884;0.33482831075881164
0.0200659000111;-0.4853907453707136;0.3475029342443016
0.0201263394689;-0.5072520352986689;0.3599571868727633
0.0201867789268;-0.5287916486169238;0.37218317071282603
0.0202472183847;-0.549995925863702;0.38417313259100083
0.0203076578425;-0.5708514202324068;0.3959194690083993
0.0203680973004;-0.591344906098976;0.40741473096252756
0.0204285367583;-0.6114633874089943;0.41865162867111766
0.0204889762161;-0.6311941059192009;0.4296230361949772
0.020549415674;-0.6505245492882041;0.4403219959569446
0.0206098551318;-0.669442459011247;0.4507417231540729
0.0206702945897;-0.6879358381940099;0.4608756100602522
0.0207307340476;-0.7059929591604972;0.4707172302165298
0.0207911735054;-0.7236023708902104;0.48026034250648647
0.0208516129633;-0.7407529062798781;0.4894988951140761
0.0209120524212;-0.7574336892251264;0.4984270293614122
0.020972491879;-0.7736341415176279;0.5070390834240859
0.0210329313369;-0.7893439895533207;0.5153295959216365
0.0210933707948;-0.8045532708474791;0.5232933093809213
0.0211538102526;-0.8192523403524681;0.5309251735701656
0.0212142497105;-0.8334318765742077;0.5382203487015965
0.0212746891684;-0.8470828874834472;0.5451742085006205
0.0213351286262;-0.8601967162181079;0.5517823431395995
0.0213955680841;-0.8727650465730825;0.5580405620343688
0.021456007542;-0.8847799082739951;0.5639448965017155
0.0215164469998;-0.8962336820316005;0.5694916022761435
0.0215768864577;-0.9071191043735918;0.5746771618843167
0.0216373259155;-0.9174292722507729;0.5794982868756856
0.0216977653734;-0.9271576474146663;0.5839519199078761
0.0217582048313;-0.9362980605637741;0.5880352366855177
0.0218186442891;-0.9448447152558784;0.5917456477512882
0.021879083747;-0.952792191583882;0.5950808001280293
0.0219395232049;-0.9601354496128759;0.5980385788109023
0.0219999626627;-0.9668698325762377;0.6006171081086276
0.0220604021206;-0.9729910698287468;0.602814752832966
0.0221208415785;-0.9784952795548373;0.6046301193356813
0.0221812810363;-0.9833789712302711;0.6060620563923304
0.0222417204942;-0.9876390478356748;0.6071096559323178
0.0223021599521;-0.9912728078205281;0.6077722536147538
0.0223625994099;-0.9942779468163697;0.6080494292497505
0.0224230388678;-0.9966525590981224;0.607941007064886
0.0224834783257;-0.9983951387926211;0.6074470558166729
0.0225439177835;-0.9995045808335686;0.6065678887469549
0.0226043572414;-0.9999801816623203;0.6053040633842639
0.0226647966992;-0.9998216396740497;0.6036563811902588
0.0227252361571;-0.9990290554090123;0.6016258870514759
0.022785675615;-0.9976029314887879;0.5992138686167072
0.0228461150728;-0.99554417229754;0.5964218554804319
0.0229065545307;-0.9928540834084959;0.5932516182128149
0.0229669939886;-0.989534370756011;0.5897051672368913
0.0230274334464;-0.9855871395537396;0.5857847515536443
0.0230878729043;-0.9810148929596045;0.5814928573157908
0.0231483123622;-0.9758205304884049;0.5768322062511738
0.02320875182;-0.9700073461730726;0.5718057539367625
0.0232691912779;-0.9635790264757454;0.5664166879243597
0.0233296307358;-0.9565396479499746;0.5606684257191963
0.0233900701936;-0.9488936746555597;0.5545646126127044
0.0234505096515;-0.9406459553276376;0.5481091193708333
0.0235109491094;-0.9318017203018337;0.5413060397793852
0.0235713885672;-0.9223665781974153;0.5341596880479168
0.0236318280251;-0.9123465123605554;0.5266745960738615
0.0236922674829;-0.9017478770699626;0.5188555105686018
0.0237527069408;-0.8905773935072779;0.5107073900473148
0.0238131463987;-0.8788421454948063;0.5022354016845075
0.0238735858565;-0.8665495750032667;0.49344491803721996
0.0239340253144;-0.8537074774324318;0.4843415136379938
0.0239944647723;-0.8403239966676309;0.4749309614597506
0.0240549042301;-0.826407619915258;0.46521922925482806
0.024115343688;-0.8119671723205715;0.4552124757705023
0.0241757831459;-0.7970118113711722;0.44491704684337957
0.0242362226037;-0.7815510210897407;0.4343394713751549
0.0242966620616;-0.7655946060196892;0.4234864571922709
0.0243571015195;-0.7491526850075597;0.41236488679211514
0.0244175409773;-0.7322356847860984;0.40098181297844426
0.0244779804352;-0.7148543333620935;0.3893444543888149
0.024538419893;-0.6970196532131492;0.37746019091684385
0.0245988593509;-0.6787429542977179;0.3653365590322062
0.0246592988088;-0.6600358268828382;0.3529812470013481
0.0247197382666;-0.6409101341940941;0.34040209001192456
0.0247801777245;-0.6213780048924974;0.32760706520408023
0.0248406171824;-0.6014518253830209;0.3146042866116954
0.0249010566402;-0.5811442319597031;0.3014020000168343
0.0249614960981;-0.5604681027922697;0.2880085777206355
0.025021935556;-0.5394365497593687;0.2744325132339688
0.0250823750138;-0.5180629101336109;0.26068241589123536
0.0251428144717;-0.49636073812366044;0.24676700539070856
0.0252032539296;-0.4743437962787636;0.23269510626489165
0.0252636933874;-0.45202604676114794;0.21847564228438957
0.0253241328453;-0.42942164249185094;0.20411763079885717
0.0253845723032;-0.4065449181755648;0.189630177018596
0.025445011761;-0.38341038121020093;0.17502246824043266
0.0255054512189;-0.360032702486957;0.16030376802155227
0.0255658906767;-0.33642670708667916;0.14548341030495576
0.0256263301346;-0.3126073648784704;0.13057079350029774
0.0256867695925;-0.2885897810264542;0.11557537452382616
0.0257472090503;-0.26438918641076486;0.1005066628012352
0.0258076485082;-0.24002092796879645;0.08537421423720773
0.0258680879661;-0.2155004589628612;0.07018762515548772
0.0259285274239;-0.19084332918042196;0.05495652621332115
0.0259889668818;-0.16606517507310367;0.03969057629411838
0.0260494063397;-0.1411817098407655;0.02439945638222889
0.0261098457975;-0.11620871346687675;0.009092863423684214
0.0261702852554;-0.09116202271156919;-0.006219495823163924
0.0262307247133;-0.0660575210686564;-0.021527910943245347
0.0262911641711;-0.040911128693042934;-0.03682267402267586
0.026351603629;-0.015738792304867067;-0.05209408580508637
0.0264120430869;0.009443524923202965;-0.06733246184246176
0.0264724825447;0.03461985348908847;-0.08252813863657825
0.0265329220026;0.05977422768846023;-0.09767147976717186
0.0265933614604;0.08489069573946345;-0.11275288200291671
0.0266538009183;0.10995332989863321;-0.12776278139137326
0.0267142403762;0.13494623656155524;-0.142691659324015
0.026774679834;0.15985356634188774;-0.15753004857251424
0.0268351192919;0.18465952412232461;-0.17226853929242325
0.0268955587498;0.20934837907115936;-0.18689778499048632
0.0269559982076;0.23390447461808192;-0.20140850845176655
0.0270164376655;0.258312238382865;-0.21579150762283977
0.0270768771234;0.2825561920506865;-0.2300376614473343
0.0271373165812;0.30662096118777266;-0.24413793565008576
0.0271977560391;0.33049128499119146;-0.25808338846627954
0.027258195497;0.3541520259665614;-0.271865176311917
0.0273186349548;0.3775881795275815;-0.2854745593920218
0.0273790744127;0.40078488351126906;-0.2989029072430283
0.0274395138706;0.42372742760287857;-0.31214170420583415
0.0274999533284;0.4464012626645337;-0.3251825548260592
0.0275603927863;0.46879200996162995;-0.33801718917805657
0.0276208322441;0.49088547028119944;-0.35063746810933855
0.027681271702;0.5126676329364072;-0.3630353884020615
0.0277417111599;0.5341246846515086;-0.37520308784830814
0.0278021506177;0.5552430183216168;-0.38713285023595595
0.0278625900756;0.5760092416417113;-0.39881711024194416
0.0279230295335;0.5964101855994519;-0.410248458229871
0.0279834689913;0.6164329128263674;-0.4214196449488514
0.0280439084492;0.6360647258021686;-0.43232358613067473
0.0281043479071;0.6552931749069396;-0.4429533669823219
0.0281647873649;0.674106066316137;-0.4533022465710253
0.0282252268228;0.6924914697333673;-0.46336366209906577
0.0282856662807;0.7104377259560484;-0.4731312330656061
0.0283461057385;0.7279334542691597;-0.48259876531292034
0.0284065451964;0.7449675596623758;-0.4917602549544505
0.0284669846543;0.7615292398660367;-0.5006098921822092
0.0285274241121;0.7776079922014553;-0.5091420649510923
0.02858786357;0.7931936202412575;-0.5173513625377932
0.0286483030278;0.8082762402754933;-0.5252325789720412
0.0287087424857;0.822846287579448;-0.5327807163379933
0.0287691819436;0.8368945224791673;-0.539990987943695
0.0288296214014;0.8504120362108388;-0.5468588213565797
0.0288900608593;0.8633902565703407;-0.5533798613031058
0.0289505003172;0.8758209533493442;-0.5595499724306757
0.029010939775;0.8876962435545485;-0.5653652419300925
0.0290713792329;0.8990085964067223;-0.5708219820168884
0.0291318186908;0.9097508381163876;-0.5759167322699522
0.0291922581486;0.9199161564331194;-0.5806462618259777
0.0292526976065;0.9294981049655664;-0.5850075714283279
0.0293131370644;0.9384906072694698;-0.5889978953290333
0.0293735765222;0.9468879607010684;-0.5926147030427041
0.0294340159801;0.9546848400334657;-0.5958557009512535
0.029494455438;0.9618763008336461;-0.5987188337584045
0.0295548948958;0.9684577825980188;-0.6012022857930699
0.0296153343537;0.9744251116444818;-0.6033044821607687
0.0296757738115;0.9797745037591862;-0.605024089742354
0.0297362132694;0.9845025665963167;-0.6063600180394182
0.0297966527273;0.9886063018293646;-0.6073114198658375
0.0298570921851;0.992083107052534;-0.6078776918850207
0.029917531643;0.9949307774310697;-0.6080584749925176
0.0299779711009;0.9971475070994673;-0.607853654543747
0.0300384105587;0.9987318903066703;-0.6072633604266992
0.0300988500166;0.999682922307536;-0.6062879669795675
0.0301592894745;1.0;-0.6049280927533587
