Mesure25
temps(s);entree;sortie
0.0;1.0;-1.2284561038714
0.000249337697461;0.9996829223075361;-0.6063272253464276
0.000498675394923;0.9987318903066703;0.016186158853526544
0.000748013092384;0.9971475070994674;0.6386892785136825
0.000997350789846;0.99493077743107;1.2607873699285732
0.00124668848731;0.992083107052534;1.8820859262435803
0.00149602618477;0.9886063018293647;2.5021909476335575
0.00174536388223;0.9845025665963167;3.1207091911599747
0.00199470157969;0.9797745037591863;3.737248420148024
0.00224403927715;0.9744251116444819;4.351417652925623
0.00249337697461;0.9684577825980192;4.9628274107665495
0.00274271467208;0.9618763008336467;5.57108996488047
0.00299205236954;0.954684840033466;6.175819582293249
0.003241390067;0.946887960701069;6.776632770461569
0.00349072776446;0.93849060726947;7.37314852046682
0.00374006546192;0.9294981049655668;7.964988548633946
0.00398940315938;0.9199161564331194;8.551777536422067
0.00423874085684;0.9097508381163878;9.133143368434764
0.00448807855431;0.899008596406722;9.70871736839904
0.00473741625177;0.8876962435545486;10.278134532963408
0.00498675394923;0.8758209533493445;10.841033763166683
0.00523609164669;0.8633902565703414;11.397058093430866
0.00548542934415;0.8504120362108399;11.94585491793276
0.00573476704161;0.8368945224791678;12.487076214210877
0.00598410473907;0.8228462875794489;13.020378763865748
0.00623344243654;0.8082762402754935;13.545424370213716
0.006482780134;0.7931936202412582;14.061880072756177
0.00673211783146;0.7776079922014564;14.56941835832829
0.00698145552892;0.761529239866037;15.067717368793199
0.00723079322638;0.7449675596623766;15.55646110515012
0.00748013092384;0.7279334542691597;16.03533962792679
0.0077294686213;0.7104377259560488;16.504049253729256
0.00797880631877;0.6924914697333671;16.962292747824357
0.00822814401623;0.6741060663161371;17.409779512632703
0.00847748171369;0.6552931749069402;17.84622577201271
0.00872681941115;0.6360647258021698;18.271354751218748
0.00897615710861;0.616432912826369;18.68489685241937
0.00922549480607;0.5964101855994527;19.086589825664216
0.00947483250353;0.5760092416417127;19.476178935191204
0.009724170201;0.5552430183216173;19.853417120968622
0.00997350789846;0.5341246846515095;20.21806515536956
0.0102228455959;0.512667632936407;20.569891794879396
0.0104721832934;0.4908854702811999;20.908673926740125
0.0107215209908;0.4687920099616312;21.234196710438503
0.0109708586883;0.4464012626645338;21.546253713948346
0.0112201963858;0.42372742760287924;21.844647044640464
0.0114695340832;0.4007848835112687;22.129187474777375
0.0117188717807;0.3775881795275817;22.399694561513073
0.0119682094781;0.35415202596656226;22.655996761321852
0.0122175471756;0.3304912849911928;22.897931538783528
0.0124668848731;0.3066209611877746;23.125345469656175
0.0127162225705;0.2825561920506876;23.338094338170915
0.012965560268;0.25831223838286654;23.53604322848716
0.0132148979655;0.23390447461808242;23.719066610250156
0.0134642356629;0.2093483790711605;23.887048418196798
0.0137135733604;0.18465952412232467;24.03988212575901
0.0139629110578;0.15985356634188846;24.17747081261814
0.0142122487553;0.13494623656155638;24.299727226167512
0.0144615864528;0.10995332989863325;24.406573836844125
0.0147109241502;0.08489069573946416;24.497942887294467
0.0149602618477;0.05977422768846161;24.573776435343177
0.0152095995451;0.03461985348909052;24.634026390737397
0.0154589372426;0.0094435249232039;24.678654545643475
0.0157082749401;-0.015738792304865468;24.707632598876657
0.0159576126375;-0.04091112869304244;24.720942173848442
0.016206950335;-0.06605752106865546;24.71857483022019
0.0164562880325;-0.09116202271156759;24.700532069255612
0.0167056257299;-0.11620871346687627;24.66682533286873
0.0169549634274;-0.14118170984076459;24.617475996367933
0.0172043011248;-0.1660651750731034;24.55251535490071
0.0174536388223;-0.19084332918042127;24.471984603607645
0.0177029765198;-0.2155004589628616;24.375934811498333
0.0179523142172;-0.24002092796879618;24.264426889065657
0.0182016519147;-0.2643891864107642;24.13753154965909
0.0184509896121;-0.2885897810264529;23.99532926464144
0.0187003273096;-0.31260736487846846;23.837910212357503
0.0189496650071;-0.33642670708667805;23.66537422094697
0.0191990027045;-0.3600327024869553;23.47783070503789
0.019448340402;-0.3834103812102005;23.27539859636078
0.0196976780995;-0.40654491817556376;23.05820626832745
0.0199470157969;-0.4294216424918509;22.82639145462228
0.0201963534944;-0.4520260467611475;22.580101161857687
0.0204456911918;-0.4743437962787628;22.319491576349083
0.0206950288893;-0.4963607381236604;22.044727965068493
0.0209443665868;-0.5180629101336105;21.755984570839573
0.0211937042842;-0.5394365497593675;21.453444501840657
0.0214430419817;-0.5604681027922678;21.137299615485645
0.0216923796791;-0.5811442319597023;20.807750396756635
0.0219417173766;-0.6014518253830199;20.465005831065284
0.0221910550741;-0.6213780048924956;20.10928327172359
0.0224403927715;-0.6409101341940935;19.740808302108086
0.022689730469;-0.6600358268828372;19.359814592604966
0.0229390681665;-0.6787429542977176;18.96654375242675
0.0231884058639;-0.6970196532131482;18.561245176394465
0.0234377435614;-0.7148543333620934;18.14417588678259
0.0236870812588;-0.732235684786098;17.715600370327035
0.0239364189563;-0.7491526850075588;17.275790410499415
0.0241857566538;-0.7655946060196892;16.82502491515408
0.0244350943512;-0.7815510210897404;16.363589739657257
0.0246844320487;-0.7970118113711714;15.891777505610287
0.0249337697461;-0.8119671723205705;15.40988741528205
0.0251831074436;-0.8264076199152576;14.918225061868286
0.0254324451411;-0.8403239966676299;14.417102235697973
0.0256817828385;-0.8537074774324316;13.906836726509827
0.025931120536;-0.8665495750032662;13.387752121924255
0.0261804582335;-0.8788421454948054;12.860177602238489
0.0264297959309;-0.8905773935072777;12.324447731675127
0.0266791336284;-0.9017478770699623;11.78090224621646
0.0269284713258;-0.9123465123605554;11.229885838159056
0.0271778090233;-0.9223665781974149;10.671747937525257
0.0274271467208;-0.9318017203018332;10.106842490470274
0.0276764844182;-0.940645955327637;9.535527734825342
0.0279258221157;-0.948893674655559;8.958165972919252
0.0281751598131;-0.9565396479499741;8.375123341822343
0.0284244975106;-0.9635790264757449;7.7867695811587865
0.0286738352081;-0.9700073461730724;7.193477798634153
0.0289231729055;-0.9758205304884047;6.595624233427147
0.029172510603;-0.9810148929596044;5.993588017595562
0.0294218483005;-0.9855871395537394;5.38775093564757
0.0296711859979;-0.9895343707560107;4.778497182431097
0.0299205236954;-0.9928540834084959;4.166213119494511
0.0301698613928;-0.9955441722975399;3.551287030073441
0.0304191990903;-0.9976029314887879;2.9341088728588356
0.0306685367878;-0.9990290554090123;2.3150700347025315
0.0309178744852;-0.9998216396740497;1.6945630824172468
0.0311672121827;-0.9999801816623203;1.0729815138281469
0.0314165498801;-0.9995045808335686;0.4507195082341138
0.0316658875776;-0.9983951387926212;-0.171828323563158
0.0319152252751;-0.9966525590981227;-0.7942671895037481
0.0321645629725;-0.9942779468163698;-1.4162023666290429
0.03241390067;-0.9912728078205283;-2.037239451397414
0.0326632383674;-0.9876390478356748;-2.6569846097972722
0.0329125760649;-0.9833789712302713;-3.275044827099167
0.0331619137624;-0.9784952795548373;-3.891028157088067
0.0334112514598;-0.972991069828747;-4.504543970618254
0.0336605891573;-0.966869832576238;-5.115203203332817
0.0339099268548;-0.9601354496128763;-5.722618602391009
0.0341592645522;-0.9527921915838827;-6.326404972046584
0.0344086022497;-0.944844715255879;-6.926179417921892
0.0346579399471;-0.9362980605637747;-7.521561589822377
0.0349072776446;-0.9271576474146668;-8.11217392293759
0.0351566153421;-0.9174292722507734;-8.69764187727611
0.0354059530395;-0.907119104373592;-9.277594175181973
0.035655290737;-0.8962336820316007;-9.851663036782487
0.0359046284344;-0.8847799082739959;-10.419484413217699
0.0361539661319;-0.872765046573083;-10.98069821750411
0.0364033038294;-0.8601967162181083;-11.534948552885638
0.0366526415268;-0.8470828874834473;-12.08188393852747
0.0369019792243;-0.8334318765742079;-12.62115753240962
0.0371513169218;-0.8192523403524689;-13.15242735127856
0.0374006546192;-0.8045532708474802;-13.675356487517822
0.0376499923167;-0.7893439895533224;-14.18961332279971
0.0378993300141;-0.773634141517629;-14.694871738382897
0.0381486677116;-0.7574336892251275;-15.190811321922382
0.0383980054091;-0.7407529062798791;-15.67711757066062
0.0386473431065;-0.7236023708902113;-16.1534820908713
0.038896680804;-0.7059929591604975;-16.619602793428705
0.0391460185014;-0.6879358381940106;-17.0751840853793
0.0393953561989;-0.6694424590112483;-17.51993705739351
0.0396446938964;-0.6505245492882045;-17.95357966697918
0.0398940315938;-0.631194105919202;-18.375836917340298
0.0401433692913;-0.6114633874089961;-18.786441031767726
0.0403927069888;-0.5913449060989778;-19.185131623451245
0.0406420446862;-0.570851420232408;-19.571655860605187
0.0408913823837;-0.5499959258637032;-19.945768626803183
0.0411407200811;-0.5287916486169243;-20.307232676419954
0.0413900577786;-0.50725203529867;-20.655818785081987
0.0416393954761;-0.4853907453707156;-20.99130589503137
0.0418887331735;-0.4632216422877893;-21.31348125531076
0.042138070871;-0.44075878470599184;-21.62214055668052
0.0423874085684;-0.4180164175674188;-21.917088061182596
0.0426367462659;-0.3950089630666571;-22.198136726268736
0.0428860839634;-0.37175101150487194;-22.46510832341454
0.0431354216608;-0.34825731203728777;-22.71783355114408
0.0433847593583;-0.3245427633199354;-22.956152142393254
0.0436340970558;-0.3006224040615835;-23.179912966144112
0.0438834347532;-0.2765114034868668;-23.38897412326532
0.0441327724507;-0.25222505171663495;-23.583203036498325
0.0443821101481;-0.2277787500716433;-23.762476534531885
0.0446314478456;-0.20318800130572157;-23.92668093011185
0.0448807855431;-0.17846839977461817;-24.075712092136534
0.0451301232405;-0.15363562154675914;-24.209475511692013
0.045379460938;-0.1287054144621786;-24.327886361985477
0.0456287986354;-0.10369358814594837;-24.43086955213857
0.0458781363329;-0.07861600398241289;-24.518359774806704
0.0461274740304;-0.053488565056610454;-24.590301547594045
0.0463768117278;-0.028327206069245298;-24.646649248237978
0.0466261494253;-0.003147883231610481;-24.687367143540712
0.0468754871228;0.022033435853125897;-24.712429412029678
0.0471248248202;0.04720078231586844;-24.721820160332353
0.0473741625177;0.07233819614833167;-24.715533433255136
0.0476235002151;0.09742973632417148;-24.69357321755985
0.0478728379126;0.12245949090806921;-24.655953439435546
0.0481221756101;0.14741158714637206;-24.602697955667086
0.0483715133075;0.17227020153288614;-24.533840538506286
0.048620851005;0.19701956984343466;-24.44942485425503
0.0488701887024;0.22164399713283164;-24.349504435574058
0.0491195263999;0.24612786768790904;-24.23414264753494
0.0493688640974;0.2704556549303113;-24.10341264743678
0.0496182017948;0.29461193126275537;-23.95739733841311
0.0498675394923;0.31858137785252594;-23.79618931685842
0.0501168771897;0.34234879434599275;-23.619890813707688
0.0503662148872;0.3658991085080015;-23.428613629606033
0.0506155525847;0.38921738578001036;-23.22247906400976
0.0508648902821;0.41228883875091765;-23.001617838263687
0.0511142279796;0.43509883653458703;-22.76617001270341
0.0513635656771;0.4576329140480913;-22.516284897835398
0.0516129033745;0.47987678118483257;-22.252120959650846
0.051862241072;0.5018163318766827;-21.973845719133674
0.0521115787694;0.5234376530394286;-21.681635646026137
0.0523609164669;0.5447270333958255;-21.375676046919633
0.0526102541644;0.5656709721706786;-21.056160947741496
0.0528595918618;0.586256187652433;-20.72329297071243
0.0531089295593;0.6064696256158396;-20.37728320585256
0.0533582672567;0.6262984676003674;-20.018351077117487
0.0536076049542;0.6457301390390937;-19.64672420324949
0.0538569426517;0.664752317232938;-19.262638253431817
0.0541062803491;0.6833529391651659;-18.866336797837807
0.0543556180466;0.7015202091512158;-18.458071153169584
0.0546049557441;0.7192426063189974;-18.038100223284182
0.0548542934415;0.7365088919149115;-17.606690335008334
0.055103631139;0.7533081164309712;-17.164115069245764
0.0553529688364;0.7696296265484857;-16.710655087484525
0.0556023065339;0.7854630718939243;-16.246597953813886
0.0558516442314;0.8007984116026594;-15.772237952564069
0.0561009819288;0.8156259206864351;-15.287875901684293
0.0563503196263;0.8299361962005212;-14.793818961977323
0.0565996573237;0.8437201632066396;-14.290380442311964
0.0568489950212;0.8569690805278887;-13.777879600936444
0.0570983327187;0.8696745462920039;-13.256641443019141
0.0573476704161;0.8818285032594533;-12.726996514544652
0.0575970081136;0.8934232439329779;-12.18928069269654
0.0578463458111;0.9044514154453429;-11.643834972858722
0.0580956835085;0.9149060242221972;-11.091005252371652
0.058345021206;0.9247804404170882;-10.531142111179566
0.0585943589034;0.9340684021158129;-9.964600589508196
0.0588436966009;0.9427640193074446;-9.391739962714333
0.0590930342984;0.9508617776195161;-8.812923513449313
0.0593423719958;0.9583565418149882;-8.22851830128124
0.0595917096933;0.9652435590487877;-7.638894929922433
0.0598410473907;0.9715184618818491;-7.044427312208957
0.0600903850882;0.9771772710507513;-6.44549243298167
0.0603397227857;0.9822163979911877;-5.842470110019494
0.0605890604831;0.9866326471136732;-5.2357427531758125
0.0608383981806;0.9904232178300462;-4.625695121871064
0.0610877358781;0.9935857063294744;-4.01271408109579
0.0613370735755;0.9961181071028467;-3.39718835607777
0.061586411273;0.9980188142145753;-2.7795082857701283
0.0618357489704;0.9992866223210104;-2.1600655753156577
0.0620850866679;0.9999207274348142;-1.5392530476447595
0.0623344243654;0.9999207274348142;-0.9174643943649744
0.0625837620628;0.9992866223210104;-0.2950939260989794
0.0628330997603;0.9980188142145754;0.32746367756931083
0.0630824374577;0.9961181071028469;0.9498136183830582
0.0633317751552;0.9935857063294747;1.5715612297760744
0.0635811128527;0.9904232178300465;2.1923122271524838
0.0638304505501;0.9866326471136737;2.811672957924557
0.0640797882476;0.9822163979911881;3.4292506511497503
0.0643291259451;0.9771772710507519;4.044653666608206
0.0645784636425;0.9715184618818494;4.6574917431639005
0.06482780134;0.965243559048788;5.267376246250324
0.0650771390374;0.9583565418149889;5.87392041432579
0.0653264767349;0.9508617776195168;6.47673960413983
0.0655758144324;0.942764019307445;7.075451534657171
0.0658251521298;0.9340684021158133;7.669676529483013
0.0660744898273;0.9247804404170891;8.259037757636985
0.0663238275247;0.9149060242221982;8.843161472522674
0.0665731652222;0.9044514154453439;9.421677248940732
0.0668225029197;0.8934232439329789;9.994218217996362
0.0670718406171;0.8818285032594544;10.560421299750907
0.0673211783146;0.869674546292005;11.119927433471066
0.0675705160121;0.8569690805278899;11.672381805329321
0.0678198537095;0.8437201632066403;12.217434073410795
0.068069191407;0.829936196200522;12.75473858988461
0.0683185291044;0.8156259206864364;13.283954620198266
0.0685678668019;0.8007984116026613;13.804746559156387
0.0688172044994;0.7854630718939263;14.316784143746487
0.0690665421968;0.7696296265484865;14.819742662576981
0.0693158798943;0.7533081164309721;15.313303161794758
0.0695652175917;0.7365088919149131;15.797152647351412
0.0698145552892;0.719242606318999;16.270984283490257
0.0700638929867;0.701520209151218;16.734497587327613
0.0703132306841;0.6833529391651676;17.187398619405936
0.0705625683816;0.6647523172329398;17.629400170096865
0.070811906079;0.6457301390390955;18.06022194173684
0.0710612437765;0.6262984676003692;18.479590726379502
0.071310581474;0.6064696256158407;18.88724057905177
0.0715599191714;0.5862561876524349;19.282912986404373
0.0718092568689;0.5656709721706812;19.66635703064958
0.0720585945664;0.5447270333958282;20.037329548681857
0.0723079322638;0.5234376530394313;20.39559528628129
0.0725572699613;0.501816331876684;20.740927047301117
0.0728066076587;0.47987678118483373;21.0731058377455
0.0730559453562;0.4576329140480933;21.3919210046457
0.0733052830537;0.4350988365345891;21.697170369646873
0.0735546207511;0.41228883875091976;21.988660357220432
0.0738039584486;0.38921738578001164;22.266206117421095
0.074053296146;0.3658991085080036;22.5296316431105
0.0743026338435;0.34234879434599486;22.778769881572963
0.074551971541;0.3185813778525281;23.01346284045301
0.0748013092384;0.29461193126275753;23.233561687946946
0.0750506469359;0.2704556549303135;23.438926847185403
0.0752999846334;0.24612786768791123;23.6294280847468
0.0755493223308;0.22164399713283384;23.804944593245473
0.0757986600283;0.19701956984343774;23.965365067942447
0.0760479977257;0.1722702015328875;24.110587777329815
0.0762973354232;0.14741158714637428;24.240520627644415
0.0765466731207;0.12245949090807146;24.35508122126953
0.0767960108181;0.09742973632417462;24.45419690898782
0.0770453485156;0.07233819614833305;24.537804836052203
0.077294686213;0.04720078231586982;24.605851982045483
0.0775440239105;0.022033435853128162;24.658295194503612
0.077793361608;-0.0031478832316082146;24.695101216281003
0.0780426993054;-0.028327206069242144;24.71624670664075
0.0782920370029;-0.05348856505660819;24.721718256056274
0.0785413747004;-0.07861600398241063;24.711512394715054
0.0787907123978;-0.10369358814594612;24.685635594719006
0.0790400500953;-0.12870541446217634;24.644104265980207
0.0792893877927;-0.15363562154675692;24.586944745814407
0.0795387254902;-0.17846839977461684;24.514193282239123
0.0797880631877;-0.20318800130571849;24.425896010986747
0.0800374008851;-0.2277787500716411;24.322108926247314
0.0802867385826;-0.2522250517166319;24.2028978451595
0.08053607628;-0.27651140348686465;24.068338366072314
0.0807854139775;-0.3006224040615822;23.918515820604014
0.081034751675;-0.3245427633199324;23.75352521952861
0.0812840893724;-0.3482573120372856;23.573471192524206
0.0815334270699;-0.37175101150486983;23.378467921821617
0.0817827647674;-0.39500896306665584;23.168639069795045
0.0820321024648;-0.41801641756741675;22.94411770054092
0.0822814401623;-0.44075878470599056;22.70504619549457
0.0825307778597;-0.4632216422877873;22.451576163138323
0.0827801155572;-0.4853907453707136;22.183868342858087
0.0830294532547;-0.5072520352986689;21.902092503009694
0.0832787909521;-0.5287916486169223;21.606427333259347
0.0835281286496;-0.549995925863702;21.297060331266543
0.083777466347;-0.5708514202324068;20.97418768378153
0.0840268040445;-0.591344906098976;20.63801414223238
0.084276141742;-0.6114633874089943;20.288752892880694
0.0845254794394;-0.6311941059191996;19.92662542162854
0.0847748171369;-0.6505245492882027;19.551861373561792
0.0850241548344;-0.669442459011247;19.164698407319637
0.0852734925318;-0.6879358381940086;18.76538204438199
0.0855228302293;-0.7059929591604959;18.35416551337064
0.0857721679267;-0.7236023708902091;17.931309589463158
0.0860215056242;-0.740752906279877;17.497082429020676
0.0862708433217;-0.7574336892251264;17.051759399535307
0.0865201810191;-0.7736341415176279;16.595622905004223
0.0867695187166;-0.7893439895533207;16.12896220684173
0.087018856414;-0.8045532708474791;15.65207324044244
0.0872681941115;-0.8192523403524681;15.165258427512434
0.087517531809;-0.8334318765742067;14.668826484286837
0.0877668695064;-0.8470828874834463;14.163092225755618
0.0880162072039;-0.860196716218107;13.648376366022244
0.0882655449014;-0.8727650465730816;13.125005314920797
0.0885148825988;-0.8847799082739951;12.593310971021683
0.0887642202963;-0.8962336820315997;12.053630511156262
0.0890135579937;-0.9071191043735911;11.506306176594224
0.0892628956912;-0.9174292722507722;10.951685056009708
0.0895122333887;-0.9271576474146663;10.390118865372811
0.0897615710861;-0.9362980605637741;9.821963724907475
0.0900109087836;-0.9448447152558784;9.247579933255382
0.090260246481;-0.952792191583882;8.667331738991106
0.0905095841785;-0.9601354496128754;8.081587109631592
0.090758921876;-0.9668698325762377;7.490717498287657
0.0910082595734;-0.9729910698287464;6.895097608105294
0.0912575972709;-0.9784952795548368;6.295105154645105
0.0915069349683;-0.9833789712302707;5.691120626352452
0.0917562726658;-0.9876390478356745;5.083527043268282
0.0920056103633;-0.9912728078205281;4.472709714135197
0.0922549480607;-0.9942779468163695;3.8590559920517165
0.0925042857582;-0.9966525590981224;3.2429550288300946
0.0927536234557;-0.998395138792621;2.6247975282139047
0.0930029611531;-0.9995045808335686;2.004975498110765
0.0932522988506;-0.9999801816623203;1.3838820019989375
0.093501636548;-0.9998216396740497;0.7619109096634378
0.0937509742455;-0.9990290554090123;0.1394566474216957
0.094000311943;-0.9976029314887881;-0.48308605200392896
0.0942496496404;-0.99554417229754;-1.1053223998083797
0.0944989873379;-0.9928540834084961;-1.7268578014608227
0.0947483250353;-0.989534370756011;-2.3472981069395082
0.0949976627328;-0.9855871395537399;-2.966249860683603
0.0952470004303;-0.9810148929596049;-3.5833205511055475
0.0954963381277;-0.9758205304884049;-4.198118859504086
0.0957456758252;-0.970007346173073;-4.81025490822126
0.0959950135227;-0.9635790264757454;-5.4193405078855506
0.0962443512201;-0.9565396479499751;-6.024989403583966
0.0964936889176;-0.9488936746555597;-6.626817519808007
0.096743026615;-0.9406459553276376;-7.224443204016929
0.0969923643125;-0.9318017203018343;-7.817487468664875
0.09724170201;-0.922366578197416;-8.405574231538
0.0974910397074;-0.9123465123605561;-8.988330554248789
0.0977403774049;-0.9017478770699626;-9.565386878737085
0.0979897151023;-0.8905773935072787;-10.13637726162727
0.0982390527998;-0.8788421454948063;-10.700939606293376
0.0984883904973;-0.8665495750032676;-11.258715892484323
0.0987377281947;-0.8537074774324328;-11.809352403364716
0.0989870658922;-0.8403239966676309;-12.352499949826006
0.0992364035897;-0.826407619915259;-12.887814091926753
0.0994857412871;-0.8119671723205715;-13.41495535732119
0.0997350789846;-0.7970118113711722;-13.933589456537216
0.099984416682;-0.7815510210897418;-14.44338749496797
0.100233754379;-0.7655946060196903;-14.944026181442224
0.100483092077;-0.7491526850075609;-15.435188033240978
0.100732429774;-0.7322356847860996;-15.91656157743111
0.100981767472;-0.7148543333620947;-16.387841548387378
0.101231105169;-0.6970196532131492;-16.848729081378394
0.101480442867;-0.6787429542977192;-17.298931902093226
0.101729780564;-0.6600358268828396;-17.73816451198885
0.101979118262;-0.6409101341940956;-18.166148369340487
0.102228455959;-0.6213780048924974;-18.58261206588031
0.102477793657;-0.6014518253830209;-18.987291498912523
0.102727131354;-0.5811442319597045;-19.379930038795482
0.102976469052;-0.5604681027922697;-19.76027869168484
0.103225806749;-0.5394365497593687;-20.128096257434184
0.103475144446;-0.5180629101336124;-20.483149482553507
0.103724482144;-0.496360738123662;-20.82521320812821
0.103973819841;-0.47434379627876516;-21.154070512604687
0.104223157539;-0.4520260467611495;-21.46951284935247
0.104472495236;-0.42942164249185255;-21.77134017891506
0.104721832934;-0.4065449181755664;-22.05936109586607
0.104971170631;-0.38341038121020254;-22.33339295019009
0.105220508329;-0.3600327024869586;-22.59326196311102
0.105469846026;-0.33642670708667916;-22.838803337294983
0.105719183724;-0.3126073648784704;-23.069861361357262
0.105968521421;-0.2885897810264542;-23.286289508607712
0.106217859119;-0.2643891864107666;-23.487950529971275
0.106467196816;-0.24002092796879818;-23.67471654102535
0.106716534513;-0.21550045896286293;-23.84646910309829
0.106965872211;-0.1908433291804237;-24.003099298377975
0.107215209908;-0.16606517507310542;-24.14450779898264
0.107464547606;-0.14118170984076728;-24.270604929950142
0.107713885303;-0.11620871346687851;-24.381310726105866
0.107963223001;-0.09116202271156919;-24.476554982773028
0.108212560698;-0.06605752106865817;-24.556277300293377
0.108461898396;-0.0409111286930447;-24.620427122329964
0.108711236093;-0.015738792304868843;-24.668963767927696
0.108960573791;0.009443524923202965;-24.701856457311415
0.109209911488;0.03461985348908847;-24.719084331405007
0.109459249186;0.05977422768846023;-24.720636465059357
0.109708586883;0.08489069573946169;-24.70651187398054
0.10995792458;0.10995332989862967;-24.676719515354055
0.110207262278;0.13494623656155524;-24.63127828216455
0.110456599975;0.159853566341886;-24.570216991214757
0.110705937673;0.18465952412232287;-24.493574364851135
0.11095527537;0.20934837907115764;-24.401399006407914
0.111204613068;0.2339044746180802;-24.293749369385
0.111453950765;0.258312238382865;-24.1706937203794
0.111703288463;0.2825561920506848;-24.03231009579359
0.11195262616;0.30662096118777266;-23.878686252348263
0.112201963858;0.3304912849911898;-23.709919611431022
0.112451301555;0.3541520259665614;-23.526117197315955
0.112700639253;0.37758817952757984;-23.327395569293788
0.11294997695;0.4007848835112658;-23.11388074775502
0.113199314647;0.42372742760287696;-22.88570813427346
0.113448652345;0.4464012626645322;-22.643022425740664
0.113697990042;0.46879200996162995;-22.38597752260554
0.11394732774;0.4908854702811979;-22.1147364312776
0.114196665437;0.5126676329364057;-21.82947116075548
0.114446003135;0.5341246846515071;-21.530362613546664
0.114695340832;0.5552430183216154;-21.217600470946998
0.11494467853;0.5760092416417113;-20.89138307275343
0.115194016227;0.5964101855994505;-20.551917291485708
0.115443353925;0.6164329128263674;-20.19941840119697
0.115692691622;0.6360647258021686;-19.8341099409567
0.11594202932;0.6552931749069383;-19.45622357309215
0.116191367017;0.6741060663161357;-19.065998936278337
0.116440704714;0.6924914697333647;-18.663683493570076
0.116690042412;0.710437725956047;-18.249532375471755
0.116939380109;0.7279334542691585;-17.82380821814511
0.117188717807;0.7449675596623758;-17.386780996857006
0.117438055504;0.7615292398660355;-16.938727854773212
0.117687393202;0.7776079922014553;-16.479932927206455
0.117936730899;0.7931936202412564;-16.010687161430692
0.118186068597;0.8082762402754923;-15.53128813217508
0.118435406294;0.822846287579448;-15.042039852915579
0.118684743992;0.8368945224791663;-14.543252583083088
0.118934081689;0.8504120362108388;-14.035242631310632
0.119183419387;0.8633902565703407;-13.518332154844765
0.119432757084;0.8758209533493433;-12.992848955247691
0.119682094781;0.8876962435545476;-12.459126270520056
0.119931432479;0.8990085964067207;-11.917502563776512
0.120180770176;0.9097508381163868;-11.36832130860722
0.120430107874;0.9199161564331187;-10.811930771262483
0.120679445571;0.9294981049655664;-10.248683789797681
0.120928783269;0.9384906072694692;-9.678937550319198
0.121178120966;0.9468879607010678;-9.103053360472797
0.121427458664;0.9546848400334657;-8.521396420318485
0.121676796361;0.9618763008336461;-7.934335590737206
0.121926134059;0.9684577825980188;-7.342243159515193
0.122175471756;0.9744251116444813;-6.745494605256167
0.122424809454;0.9797745037591858;-6.144468359269172
0.122674147151;0.9845025665963164;-5.539545565584628
0.122923484848;0.9886063018293644;-4.9311098392496575
0.123172822546;0.9920831070525338;-4.319547023056414
0.123422160243;0.9949307774310696;-3.705244942858091
0.123671497941;0.9971475070994672;-3.088593161626736
0.123920835638;0.9987318903066702;-2.4699827324100836
0.124170173336;0.999682922307536;-1.849805950343038
0.124419511033;1.0;-1.228456103871423
